Año,COMUNA,N_VICTIMAS
2016,0,2
2016,1,22
2016,2,1
2016,3,8
2016,4,16
2016,5,3
2016,6,3
2016,7,13
2016,8,20
2016,9,12
2016,10,9
2016,11,6
2016,12,10
2016,13,8
2016,14,9
2016,15,8
2017,1,26
2017,2,6
2017,3,6
2017,4,19
2017,5,3
2017,6,9
2017,7,14
2017,8,16
2017,9,19
2017,10,3
2017,11,7
2017,12,14
2017,13,5
2017,14,8
2017,15,5
2018,1,22
2018,2,7
2018,3,14
2018,4,21
2018,5,4
2018,6,3
2018,7,16
2018,8,14
2018,9,21
2018,10,6
2018,11,4
2018,12,7
2018,13,7
2018,14,4
2018,15,11
2019,1,12
2019,2,2
2019,3,2
2019,4,12
2019,5,5
2019,6,2
2019,7,11
2019,8,7
2019,9,9
2019,10,8
2019,11,6
2019,12,2
2019,13,10
2019,14,9
2019,15,9
2020,1,10
2020,2,5
2020,3,10
2020,4,4
2020,5,3
2020,6,2
2020,7,6
2020,8,7
2020,9,7
2020,10,4
2020,11,7
2020,12,3
2020,13,3
2020,14,7
2020,15,9
2021,1,9
2021,2,4
2021,3,8
2021,4,13
2021,5,4
2021,6,5
2021,7,6
2021,8,7
2021,9,11
2021,10,2
2021,11,5
2021,12,7
2021,13,7
2021,14,4
2021,15,5
